3430.000000 
6790.000000 
10080.000000 
13300.000000 
16450.000000 
19530.000000 
22540.000000 
25480.000000 
28350.000000 
31150.000000 
33880.000000 
36540.000000 
39130.000000 
41650.000000 
44100.000000 
46480.000000 
48790.000000 
51030.000000 
53200.000000 
55300.000000 
57330.000000 
59290.000000 
61180.000000 
63000.000000 
64750.000000 
66430.000000 
68040.000000 
69580.000000 
71050.000000 
72450.000000 
73780.000000 
75040.000000 
76230.000000 
77350.000000 
78400.000000 
79380.000000 
80290.000000 
81130.000000 
81900.000000 
82600.000000 
83230.000000 
83790.000000 
84280.000000 
84700.000000 
85050.000000 
85330.000000 
85540.000000 
85680.000000 
85750.000000 
85750.000000 
85680.000000 
85540.000000 
85330.000000 
85050.000000 
84700.000000 
84280.000000 
83790.000000 
83230.000000 
82600.000000 
81900.000000 
81130.000000 
80290.000000 
79380.000000 
78400.000000 
77350.000000 
76230.000000 
75040.000000 
73780.000000 
72450.000000 
71050.000000 
69580.000000 
68040.000000 
66430.000000 
64750.000000 
63000.000000 
61180.000000 
59290.000000 
57330.000000 
55300.000000 
53200.000000 
51030.000000 
48790.000000 
46480.000000 
44100.000000 
41650.000000 
39130.000000 
36540.000000 
33880.000000 
31150.000000 
28350.000000 
25480.000000 
22540.000000 
19530.000000 
