3430.000000 
3360.000000 
3290.000000 
3220.000000 
3150.000000 
3080.000000 
3010.000000 
2940.000000 
2870.000000 
2800.000000 
2730.000000 
2660.000000 
2590.000000 
2520.000000 
2450.000000 
2380.000000 
2310.000000 
2240.000000 
2170.000000 
2100.000000 
2030.000000 
1960.000000 
1890.000000 
1820.000000 
1750.000000 
1680.000000 
1610.000000 
1540.000000 
1470.000000 
1400.000000 
1330.000000 
1260.000000 
1190.000000 
1120.000000 
1050.000000 
980.000000 
910.000000 
840.000000 
770.000000 
700.000000 
630.000000 
560.000000 
490.000000 
420.000000 
350.000000 
280.000000 
210.000000 
140.000000 
70.000000 
0.000000 
-70.000000 
-140.000000 
-210.000000 
-280.000000 
-350.000000 
-420.000000 
-490.000000 
-560.000000 
-630.000000 
-700.000000 
-770.000000 
-840.000000 
-910.000000 
-980.000000 
-1050.000000 
-1120.000000 
-1190.000000 
-1260.000000 
-1330.000000 
-1400.000000 
-1470.000000 
-1540.000000 
-1610.000000 
-1680.000000 
-1750.000000 
-1820.000000 
-1890.000000 
-1960.000000 
-2030.000000 
-2100.000000 
-2170.000000 
-2240.000000 
-2310.000000 
-2380.000000 
-2450.000000 
-2520.000000 
-2590.000000 
-2660.000000 
-2730.000000 
-2800.000000 
-2870.000000 
-2940.000000 
-3010.000000 
