-36684.000000 
-36504.000000 
-36324.000000 
-36144.000000 
-35964.000000 
-35784.000000 
-35604.000000 
-35424.000000 
-35244.000000 
-35064.000000 
-34884.000000 
-34704.000000 
-34524.000000 
-34344.000000 
-34164.000000 
-33984.000000 
-33804.000000 
-33624.000000 
-33444.000000 
-33264.000000 
-33084.000000 
-32904.000000 
-32724.000000 
-32544.000000 
-32364.000000 
-32184.000000 
-32004.000000 
-31824.000000 
-31644.000000 
-31464.000000 
-31284.000000 
-31104.000000 
-30924.000000 
-30744.000000 
-30564.000000 
-30384.000000 
-30204.000000 
-30024.000000 
-29844.000000 
-29664.000000 
-29484.000000 
-29304.000000 
-29124.000000 
-28944.000000 
-28764.000000 
-28584.000000 
-28404.000000 
-28224.000000 
-28044.000000 
-27864.000000 
-27684.000000 
-27504.000000 
-27324.000000 
-27144.000000 
-26964.000000 
-26784.000000 
-26604.000000 
-26424.000000 
-26244.000000 
-26064.000000 
-25884.000000 
-25704.000000 
-25524.000000 
-25344.000000 
-25164.000000 
-24984.000000 
-24804.000000 
-24624.000000 
-24444.000000 
-24264.000000 
-24084.000000 
-23904.000000 
-23724.000000 
-23544.000000 
-23364.000000 
-23184.000000 
-23004.000000 
-22824.000000 
-22644.000000 
-22464.000000 
-22284.000000 
-22104.000000 
-21924.000000 
-21744.000000 
-21564.000000 
-21384.000000 
-21204.000000 
-21024.000000 
-20844.000000 
-20664.000000 
-20484.000000 
-20304.000000 
-20124.000000 
