3250.000000 
4930.000000 
8040.000000 
11080.000000 
14050.000000 
16950.000000 
19780.000000 
22540.000000 
25230.000000 
27850.000000 
30400.000000 
32880.000000 
35290.000000 
37630.000000 
39900.000000 
42100.000000 
44230.000000 
46290.000000 
48280.000000 
50200.000000 
52050.000000 
53830.000000 
55540.000000 
57180.000000 
58750.000000 
60250.000000 
61680.000000 
63040.000000 
64330.000000 
65550.000000 
66700.000000 
67780.000000 
68790.000000 
69730.000000 
70600.000000 
71400.000000 
72130.000000 
72790.000000 
73380.000000 
73900.000000 
74350.000000 
74730.000000 
75040.000000 
75280.000000 
75450.000000 
75550.000000 
75580.000000 
75540.000000 
75430.000000 
75250.000000 
75000.000000 
74680.000000 
74290.000000 
73830.000000 
73300.000000 
72700.000000 
72030.000000 
71290.000000 
70480.000000 
69600.000000 
68650.000000 
67630.000000 
66540.000000 
65380.000000 
64150.000000 
62850.000000 
61480.000000 
60040.000000 
58530.000000 
56950.000000 
55300.000000 
53580.000000 
51790.000000 
49930.000000 
48000.000000 
46000.000000 
43930.000000 
41790.000000 
39580.000000 
37300.000000 
34950.000000 
32530.000000 
30040.000000 
27480.000000 
24850.000000 
22150.000000 
19380.000000 
16540.000000 
13630.000000 
10650.000000 
7600.000000 
4480.000000 
1290.000000 
