131072.000000 
41794.000000 
44904.000000 
47944.000000 
50914.000000 
53814.000000 
56644.000000 
59404.000000 
62094.000000 
64714.000000 
67264.000000 
69744.000000 
72154.000000 
74494.000000 
76764.000000 
78964.000000 
81094.000000 
83154.000000 
85144.000000 
87064.000000 
88914.000000 
90694.000000 
92404.000000 
94044.000000 
95614.000000 
97114.000000 
98544.000000 
99904.000000 
101194.000000 
102414.000000 
103564.000000 
104644.000000 
105654.000000 
106594.000000 
107464.000000 
108264.000000 
108994.000000 
109654.000000 
110244.000000 
110764.000000 
111214.000000 
111594.000000 
111904.000000 
112144.000000 
112314.000000 
112414.000000 
112444.000000 
112404.000000 
112294.000000 
112114.000000 
111864.000000 
111544.000000 
111154.000000 
110694.000000 
110164.000000 
109564.000000 
108894.000000 
108154.000000 
107344.000000 
106464.000000 
105514.000000 
104494.000000 
103404.000000 
102244.000000 
101014.000000 
99714.000000 
98344.000000 
96904.000000 
95394.000000 
93814.000000 
92164.000000 
90444.000000 
88654.000000 
86794.000000 
84864.000000 
82864.000000 
80794.000000 
78654.000000 
76444.000000 
74164.000000 
71814.000000 
69394.000000 
66904.000000 
64344.000000 
61714.000000 
59014.000000 
56244.000000 
53404.000000 
50494.000000 
47514.000000 
44464.000000 
41344.000000 
38154.000000 
